[gd_scene load_steps=17 format=3 uid="uid://ntq2wpuqfrqp"]

[ext_resource type="Script" uid="uid://dlqhq1j2xygec" path="res://scripts/player.gd" id="1_1cxgm"]
[ext_resource type="Script" uid="uid://bp8clbuaal4yf" path="res://scripts/wings3D.gd" id="3_0owmy"]
[ext_resource type="PackedScene" uid="uid://bhapi8dm4a8mf" path="res://scenes/player/lucy.tscn" id="4_lvxji"]
[ext_resource type="AudioStream" uid="uid://cxcd7bxi2ogij" path="res://sounds/Anime Girl Ahh.mp3" id="5_v1u31"]
[ext_resource type="PackedScene" uid="uid://y3yqup2ahmb7" path="res://scenes/ui/health_bar.tscn" id="5_xkhfs"]
[ext_resource type="Texture2D" uid="uid://0f3fxfuf30b6" path="res://assets/player/wings.png" id="6_0owmy"]
[ext_resource type="PackedScene" uid="uid://dnex5vce6gp7n" path="res://scenes/weapons/Skull_weapon.tscn" id="7_0owmy"]
[ext_resource type="Script" uid="uid://b17318j0sxmu0" path="res://scripts/collect.gd" id="8_qek5x"]

[sub_resource type="CapsuleShape3D" id="CapsuleShape3D_rbj2s"]

[sub_resource type="BoxShape3D" id="BoxShape3D_hkmbl"]
size = Vector3(1, 1.48633, 1)

[sub_resource type="StandardMaterial3D" id="StandardMaterial3D_v454f"]
albedo_color = Color(1, 0, 1, 1)

[sub_resource type="BoxMesh" id="BoxMesh_doe87"]
size = Vector3(0.3, 0.3, 0.3)

[sub_resource type="StandardMaterial3D" id="StandardMaterial3D_vl5gj"]
transparency = 1
blend_mode = 4
vertex_color_use_as_albedo = true

[sub_resource type="ParticleProcessMaterial" id="ParticleProcessMaterial_px4n6"]
lifetime_randomness = 0.11
spread = 180.0
initial_velocity_min = -5.0
initial_velocity_max = 5.0
gravity = Vector3(0, -5, 0)
linear_accel_min = -5.0
linear_accel_max = -2.23517e-06
scale_min = 0.1
scale_max = 0.5
color = Color(0.993103, 0.502262, 1, 0.309804)

[sub_resource type="QuadMesh" id="QuadMesh_ril73"]

[sub_resource type="CylinderShape3D" id="CylinderShape3D_0owmy"]
height = 0.001
radius = 2.0

[node name="Player" type="CharacterBody3D"]
script = ExtResource("1_1cxgm")

[node name="Body" type="CollisionShape3D" parent="."]
transform = Transform3D(1, 0, 0, 0, 1, 0, 0, 0, 1, 0, 1.13, 0)
shape = SubResource("CapsuleShape3D_rbj2s")

[node name="Camera3D" type="Camera3D" parent="."]
transform = Transform3D(1, 0, 0, 0, 0.707107, 0.707107, 0, -0.707107, 0.707107, 0, 9, 9)
fov = 55.0

[node name="OmniLight3D" type="OmniLight3D" parent="."]
transform = Transform3D(1, 0, 0, 0, 1, 0, 0, 0, 1, 0, 0.471609, 0)
light_color = Color(0.596078, 0.105882, 0.0862745, 1)
light_energy = 1.5
light_size = 0.5
light_specular = 0.0
omni_range = 1.20553

[node name="HitBox" type="Area3D" parent="."]
transform = Transform3D(-4.37114e-08, 1, 0, -1, -4.37114e-08, 0, 0, 0, 1, 0, 1, 0)
monitoring = false

[node name="CollisionShape3D" type="CollisionShape3D" parent="HitBox"]
transform = Transform3D(1, 0, 0, 0, 1, 0, 0, 0, 1, 0, 0.5, 0)
shape = SubResource("BoxShape3D_hkmbl")

[node name="MeshInstance3D" type="MeshInstance3D" parent="HitBox"]
transform = Transform3D(-0.707107, 0.5, 0.5, 0, 0.707107, -0.707107, -0.707107, -0.5, -0.5, 0, 0.635, 0)
material_override = SubResource("StandardMaterial3D_v454f")
transparency = 0.85
mesh = SubResource("BoxMesh_doe87")

[node name="CanvasLayer" parent="." instance=ExtResource("5_xkhfs")]

[node name="AudioStreamPlayer" type="AudioStreamPlayer" parent="."]
stream = ExtResource("5_v1u31")
pitch_scale = 0.98

[node name="Particles" type="GPUParticles3D" parent="."]
transform = Transform3D(1, 0, 0, 0, 1, 0, 0, 0, 1, 0, 1.07635, 0.270954)
material_override = SubResource("StandardMaterial3D_vl5gj")
emitting = false
amount = 10
lifetime = 0.4
one_shot = true
explosiveness = 1.0
process_material = SubResource("ParticleProcessMaterial_px4n6")
draw_pass_1 = SubResource("QuadMesh_ril73")

[node name="SpotLight3D" type="SpotLight3D" parent="."]
transform = Transform3D(1, 0, 0, 0, 0.755716, -0.654899, 0, 0.654899, 0.755716, 0, 0, 1.0525)
light_color = Color(0, 0, 0, 1)

[node name="Lucy" parent="." instance=ExtResource("4_lvxji")]
transform = Transform3D(0.4, 0, 0, 0, 0.4, 0, 0, 0, 0.4, 0, 1, 0)

[node name="Wings" type="Node3D" parent="Lucy"]
transform = Transform3D(1.2, 0, 0, 0, 1.2, 0, 0, 0, 1.2, 0, -0.298145, -0.488534)
script = ExtResource("3_0owmy")

[node name="Left" type="Node3D" parent="Lucy/Wings"]
transform = Transform3D(0.87001, -0.0991438, 0.482963, 0.25, 0.933013, -0.258819, -0.42495, 0.345916, 0.836516, 0, 0, 0)

[node name="Wing" type="Sprite3D" parent="Lucy/Wings/Left"]
transform = Transform3D(0.5, 0, 0, 0, 0.5, 0, 0, 0, 0.5, 0.808754, 0.168962, 0)
texture_filter = 0
texture = ExtResource("6_0owmy")
region_enabled = true
region_rect = Rect2(643, 363.5, 320, 134)

[node name="Right" type="Node3D" parent="Lucy/Wings"]
transform = Transform3D(0.87001, 0.0991438, -0.482963, -0.25, 0.933012, -0.258819, 0.42495, 0.345916, 0.836516, 0, 0, 0)

[node name="Wing" type="Sprite3D" parent="Lucy/Wings/Right"]
transform = Transform3D(0.5, 0, 0, 0, 0.5, 0, 0, 0, 0.5, -0.724836, 0.126824, 0)
texture_filter = 0
texture = ExtResource("6_0owmy")
region_enabled = true
region_rect = Rect2(63, 370.5, 340, 134)

[node name="Skull_Weapon" parent="." instance=ExtResource("7_0owmy")]
transform = Transform3D(1, 0, 0, 0, 1, 0, 0, 0, 1, 0, 0.868735, 0)

[node name="CollectionArea" type="Area3D" parent="."]
collision_layer = 0
collision_mask = 4
script = ExtResource("8_qek5x")

[node name="CollisionShape3D" type="CollisionShape3D" parent="CollectionArea"]
transform = Transform3D(1, 0, 0, 0, 1, 0, 0, 0, 1, 0, 0.5, 0)
shape = SubResource("CylinderShape3D_0owmy")
